80
75
3
4
20
0
8
8
8
0
68
12
58
70
0
0
0
0
0
0
0
0
0
0
0
0
9
0
4
0
77
69
84
65
45
73
78
70
47
254
202
0
0
3
0
80
75
7
8
0
0
0
0
2
0
0
0
0
0
0
0
80
75
3
4
20
0
8
8
8
0
68
12
58
70
0
0
0
0
0
0
0
0
0
0
0
0
20
0
0
0
77
69
84
65
45
73
78
70
47
77
65
78
73
70
69
83
84
46
77
70
243
77
204
203
76
75
45
46
209
13
75
45
42
206
204
207
179
82
48
212
51
224
229
114
46
74
77
44
73
77
209
117
170
4
9
152
235
25
196
27
153
42
104
248
23
37
38
231
164
42
56
231
23
21
228
23
37
150
0
149
107
242
114
249
38
102
230
233
58
231
36
22
23
91
41
120
37
150
37
6
4
243
114
241
114
1
0
80
75
7
8
221
30
181
44
87
0
0
0
88
0
0
0
80
75
3
4
20
0
8
8
8
0
68
12
58
70
0
0
0
0
0
0
0
0
0
0
0
0
12
0
0
0
74
97
118
97
80
83
46
99
108
97
115
115
205
83
93
79
211
80
24
126
58
186
181
140
33
80
4
69
65
235
215
214
1
107
217
7
168
155
33
33
115
8
102
108
203
138
206
232
18
178
143
227
40
110
237
178
22
6
127
193
127
160
119
222
232
53
23
34
241
194
75
47
252
79
18
223
110
17
66
32
241
214
166
231
188
231
60
125
222
247
121
122
250
246
215
201
247
31
0
226
120
232
199
48
110
250
49
141
25
17
183
252
184
13
89
196
29
17
119
253
184
135
251
34
30
136
8
138
8
185
4
69
64
88
192
44
7
223
19
195
52
156
101
14
3
74
248
37
7
62
109
213
25
135
145
172
97
178
220
110
171
202
58
155
149
106
147
16
190
85
49
76
14
147
202
155
236
78
101
175
162
53
43
102
67
211
157
142
97
54
82
110
226
176
238
84
106
239
54
42
237
30
95
192
156
128
121
14
254
204
126
141
181
29
195
50
109
1
17
218
235
214
110
167
198
86
13
183
228
208
115
42
84
208
85
183
94
0
87
48
66
89
1
168
208
72
166
80
204
167
51
186
158
47
110
173
20
211
107
235
155
153
244
230
139
98
70
192
66
0
81
196
46
35
148
150
18
113
122
224
89
74
144
114
128
78
35
65
27
23
121
223
182
186
172
99
111
179
102
83
101
251
76
142
148
12
179
110
117
117
231
160
201
228
53
163
94
103
166
28
49
173
166
213
176
220
216
238
88
111
201
158
188
158
121
37
43
74
142
117
35
249
234
14
171
57
114
142
57
106
137
85
211
77
131
153
78
88
125
106
117
205
166
85
169
247
207
64
9
109
59
78
59
169
105
209
199
49
53
186
244
72
141
45
38
212
168
70
122
181
173
120
76
109
219
209
80
56
156
226
240
53
157
44
247
245
237
178
126
96
151
242
100
251
47
80
112
125
234
174
207
242
94
84
93
40
255
63
190
3
88
196
18
245
74
255
131
113
24
61
107
129
190
8
135
177
51
168
184
107
58
70
139
157
163
245
213
56
140
247
32
195
210
214
243
167
173
65
109
209
96
206
105
214
132
18
206
94
40
150
58
95
237
192
118
88
139
12
81
30
51
247
56
4
149
75
186
242
34
196
65
100
102
221
46
25
206
182
171
115
73
206
107
234
116
247
229
57
132
254
81
178
208
177
106
204
182
83
144
17
160
223
206
189
60
52
168
141
65
94
105
53
67
145
163
232
157
253
6
238
144
22
116
72
52
251
122
160
7
131
144
48
78
209
165
126
162
40
80
124
118
12
79
86
26
56
6
191
33
121
105
206
205
75
190
35
8
31
49
26
249
137
177
72
111
243
1
162
228
251
2
175
36
38
121
105
48
233
157
226
37
223
103
8
146
63
233
157
155
242
30
97
40
233
59
236
9
184
98
65
146
33
7
224
169
188
31
34
137
13
66
163
85
156
60
39
201
235
50
33
171
196
188
74
172
105
240
39
8
10
152
16
48
73
55
191
66
211
111
140
246
119
184
70
12
158
172
95
167
49
213
171
127
227
15
80
75
7
8
79
114
66
170
161
2
0
0
120
4
0
0
80
75
1
2
20
0
20
0
8
8
8
0
68
12
58
70
0
0
0
0
2
0
0
0
0
0
0
0
9
0
4
0
0
0
0
0
0
0
0
0
0
0
0
0
0
0
77
69
84
65
45
73
78
70
47
254
202
0
0
80
75
1
2
20
0
20
0
8
8
8
0
68
12
58
70
221
30
181
44
87
0
0
0
88
0
0
0
20
0
0
0
0
0
0
0
0
0
0
0
0
0
61
0
0
0
77
69
84
65
45
73
78
70
47
77
65
78
73
70
69
83
84
46
77
70
80
75
1
2
20
0
20
0
8
8
8
0
68
12
58
70
79
114
66
170
161
2
0
0
120
4
0
0
12
0
0
0
0
0
0
0
0
0
0
0
0
0
214
0
0
0
74
97
118
97
80
83
46
99
108
97
115
115
80
75
5
6
0
0
0
0
3
0
3
0
183
0
0
0
177
3
0
0
0
0
